4.41
4.53
4.6
4.62
4.65
4.66
4.68
4.69
4.69
4.72
4.72
4.72
4.75
4.75
4.75
4.75
4.75
4.75
4.78
4.79
4.81
4.81
4.81
4.81
4.82
4.82
4.84
4.84
4.84
4.85
4.85
4.85
4.85
4.87
4.88
4.88
4.88
4.88
4.9
4.91
4.91
4.91
4.93
4.94
4.94
4.94
4.94
4.94
4.94
4.96
4.97
4.97
4.97
4.97
5
5
5
5
5
5
5.03
5.03
5.03
5.03
5.03
5.06
5.06
5.06
5.06
5.07
5.07
5.09
5.09
5.09
5.09
5.09
5.09
5.1
5.1
5.1
5.1
5.1
5.1
5.12
5.12
5.12
5.13
5.15
5.15
5.15
5.16
5.16
5.18
5.19
5.19
5.19
5.22
5.22
5.28
5.28
5.31
5.31
5.32
5.32
5.32
5.34
5.35
5.37
5.38
5.41