0.0
2.00 4.00 6.00 8.00 10.0 12.0 14.0 16.0 18.0
0.00 0.00 0.00 0.00 0.00 0.00 0.00 0.00 0.00 

1.9
2.00 4.00 6.00 8.00 10.0 12.0 14.0 16.0 18.0
2.00 2.20 2.40 2.50 2.50 2.50 2.40 2.20 1.80

2.9
2.00 4.00 6.00 8.00 10.0 12.0 14.0 16.0 18.0
3.90 4.00 4.20 4.10 4.10 4.10 4.20 4.10 3.80

3.9
2.00 4.00 6.00 8.00 10.0 12.0 14.0 16.0 18.0
6.00 5.90 5.90 5.60 5.60 5.70 5.90 6.10 6.20

4.9
2.00 4.00 6.00 8.00 10.0 12.0 14.0 16.0 18.0
8.00 7.90 7.40 7.00 6.90 7.00 7.40 7.80 8.10

5.9
2.00 3.00 4.00 5.00 6.00 7.00 8.00 9.00 10.0 11.0 12.0 13.0 14.0 15.0 16.0 17.0 18.0
10.3 10.0 9.70 9.20 8.90 8.40 8.20 8.00 8.00 8.10 8.40 8.60 8.90 9.20 9.60 9.80 10.3

6.9
2.00 3.00 4.00 5.00 6.00 7.00 8.00 9.00 10.0 11.0 12.0 13.0 14.0 15.0 16.0 17.0 18.0
13.9 13.4 12.5 11.4 10.4 9.60 9.20 9.00 9.00 9.00 9.20 9.60 10.4 11.4 12.5 13.5 14.0

7.9
2.00 3.00 4.00 5.00 6.00 7.00 8.00 9.00 10.0 11.0 12.0 13.0 14.0 15.0 16.0 17.0 18.0
17.9 18.3 18.9 19.5 20.2 20.8 21.0 21.1 21.1 21.2 20.9 20.6 20.1 19.5 18.8 18.2 17.7

8.9
2.00 3.00 4.00 5.00 6.00 7.00 8.00 9.00 10.0 11.0 12.0 13.0 14.0 15.0 16.0 17.0 18.0
20.8 21.0 21.2 21.6 21.8 22.1 22.3 22.4 22.2 22.2 22.1 22.0 21.7 21.5 21.0 20.8 20.5

9.9
2.00 4.00 6.00 8.00 10.0 12.0 14.0 16.0 18.0
23.0 23.2 23.5 23.7 23.8 23.6 23.3 23.2 22.8

10.9
2.00 4.00 6.00 8.00 10.0 12.0 14.0 16.0 18.0
25.4 25.7 25.4 25.3 25.3 25.1 24.9 24.9 24.7

11.9
2.00 4.00 6.00 8.00 10.0 12.0 14.0 16.0 18.0
27.5 27.3 27.0 26.9 26.8 26.9 26.9 26.9 27.0

14.0
2.00 4.00 6.00 8.00 10.0 12.0 14.0 16.0 18.0
28.0 28.0 28.0 28.0 28.0 28.0 28.0 28.0 28.0